12
383
135.2 135.20000000000002
135.2 136.0
136.0 136.0
136.8 136.79999999999998
136.8 137.6
138.4 137.6
139.2 139.2
140.8 140.0
141.6 140.8
142.4 141.6
143.2 141.6
143.2 142.4
144.8 142.4
145.6 143.2
146.4 144.0
148.8 144.0
150.39999999999998 144.8
151.2 145.6
152.0 145.6
152.79999999999998 145.6
154.4 146.4
155.2 146.4
157.6 146.4
158.4 146.4
160.79999999999998 146.4
161.6 146.4
163.2 146.4
164.8 146.4
166.4 146.4
168.79999999999998 146.4
171.20000000000002 146.4
173.6 146.4
176.0 146.4
179.20000000000002 146.4
181.6 146.4
185.6 145.6
189.60000000000002 145.6
192.0 144.8
194.4 144.0
196.0 144.0
198.4 143.2
200.0 143.2
202.39999999999998 142.4
204.0 142.4
208.0 141.6
210.39999999999998 140.8
212.0 140.0
214.4 140.0
216.0 139.2
217.60000000000002 138.4
219.20000000000002 137.6
220.0 137.6
220.79999999999998 136.79999999999998
222.39999999999998 136.0
223.2 136.0
224.0 135.20000000000002
225.6 134.4
226.4 133.6
227.2 132.0
227.2 131.2
228.0 129.60000000000002
228.79999999999998 128.79999999999998
229.60000000000002 128.0
230.39999999999998 126.39999999999999
230.39999999999998 125.6
230.39999999999998 124.80000000000001
230.39999999999998 124.00000000000001
230.39999999999998 123.19999999999999
230.39999999999998 122.4
230.39999999999998 121.60000000000001
229.60000000000002 120.8
229.60000000000002 120.0
228.79999999999998 119.19999999999999
228.0 119.19999999999999
227.2 118.4
226.4 118.4
225.6 117.6
224.8 116.80000000000001
224.0 116.0
223.2 116.0
222.39999999999998 115.19999999999999
221.6 114.4
220.79999999999998 114.4
220.0 113.6
218.4 112.8
217.60000000000002 112.8
216.0 112.0
214.4 111.2
213.6 110.4
212.8 110.4
211.20000000000002 109.6
209.60000000000002 109.6
207.2 108.8
206.4 108.8
204.8 108.8
204.0 108.8
202.39999999999998 108.8
200.0 108.0
199.20000000000002 108.0
197.60000000000002 108.0
196.0 108.0
194.4 108.0
192.8 108.0
190.39999999999998 108.0
188.0 108.0
185.6 108.0
184.0 108.0
181.6 108.0
180.0 108.0
178.4 108.0
176.8 108.0
175.2 108.0
173.6 108.8
172.8 108.8
171.20000000000002 108.8
170.39999999999998 108.8
169.60000000000002 108.8
168.0 109.6
167.2 109.6
166.4 110.4
165.6 110.4
164.0 110.4
164.0 111.2
162.39999999999998 111.2
161.6 112.0
160.0 112.8
158.4 112.8
157.6 113.6
156.0 114.4
155.2 115.19999999999999
154.4 115.19999999999999
153.6 115.19999999999999
152.0 116.0
151.2 116.80000000000001
149.60000000000002 116.80000000000001
149.60000000000002 117.6
148.8 117.6
148.0 117.6
147.20000000000002 118.4
146.4 119.19999999999999
145.6 119.19999999999999
144.8 120.0
144.0 120.8
143.2 120.8
142.4 121.60000000000001
141.6 122.4
140.8 122.4
140.8 123.19999999999999
140.0 124.00000000000001
140.0 124.80000000000001
139.2 124.80000000000001
139.2 125.6
139.2 126.39999999999999
139.2 127.2
140.0 128.0
140.0 128.79999999999998
140.8 129.60000000000002
141.6 130.4
142.4 131.2
143.2 132.0
143.2 132.8
144.0 132.8
144.8 133.6
145.6 134.4
146.4 135.20000000000002
148.0 136.0
148.8 136.0
149.60000000000002 136.0
151.2 136.0
152.0 136.0
152.79999999999998 136.0
153.6 136.0
155.2 136.0
156.0 136.0
158.4 136.0
160.0 136.0
161.6 136.0
162.39999999999998 136.0
164.0 136.0
165.6 136.0
168.0 136.0
169.60000000000002 136.0
170.39999999999998 136.0
172.8 136.79999999999998
174.4 137.6
175.2 137.6
178.4 138.4
180.0 138.4
180.79999999999998 138.4
182.39999999999998 138.4
184.0 138.4
185.6 138.4
187.2 138.4
188.0 138.4
188.79999999999998 138.4
190.39999999999998 138.4
191.20000000000002 138.4
192.0 138.4
192.8 138.4
193.6 138.4
194.4 138.4
195.2 138.4
196.8 138.4
197.60000000000002 138.4
198.4 137.6
199.20000000000002 137.6
201.6 136.79999999999998
203.2 136.79999999999998
204.0 136.79999999999998
206.4 136.0
207.2 135.20000000000002
208.0 135.20000000000002
208.79999999999998 135.20000000000002
209.60000000000002 134.4
210.39999999999998 133.6
211.20000000000002 133.6
212.0 132.8
212.8 132.0
213.6 132.0
213.6 131.2
214.4 131.2
216.0 130.4
216.0 129.60000000000002
216.8 129.60000000000002
216.8 128.79999999999998
217.60000000000002 128.0
217.60000000000002 127.2
217.60000000000002 126.39999999999999
217.60000000000002 125.6
217.60000000000002 124.80000000000001
216.8 124.80000000000001
216.0 123.19999999999999
216.0 122.4
215.2 121.60000000000001
214.4 120.8
213.6 120.8
212.8 120.0
212.0 119.19999999999999
211.20000000000002 119.19999999999999
209.60000000000002 118.4
208.79999999999998 117.6
208.0 117.6
206.4 116.80000000000001
204.8 116.0
203.2 116.0
202.39999999999998 116.0
200.79999999999998 115.19999999999999
200.0 115.19999999999999
199.20000000000002 115.19999999999999
198.4 115.19999999999999
196.8 114.4
196.0 114.4
195.2 114.4
194.4 114.4
193.6 114.4
192.8 114.4
192.0 114.4
191.20000000000002 114.4
190.39999999999998 114.4
188.79999999999998 114.4
187.2 115.19999999999999
186.4 115.19999999999999
185.6 116.0
184.0 116.0
182.39999999999998 116.0
180.79999999999998 116.0
179.20000000000002 116.0
177.60000000000002 116.80000000000001
176.8 116.80000000000001
175.2 117.6
174.4 117.6
172.0 118.4
171.20000000000002 118.4
169.60000000000002 118.4
168.79999999999998 118.4
168.0 118.4
168.0 119.19999999999999
167.2 119.19999999999999
166.4 120.0
164.8 120.0
164.8 120.8
164.0 120.8
162.39999999999998 121.60000000000001
162.39999999999998 122.4
161.6 122.4
160.79999999999998 122.4
160.0 123.19999999999999
159.2 124.00000000000001
159.2 124.80000000000001
159.2 125.6
159.2 126.39999999999999
160.0 128.0
160.79999999999998 128.79999999999998
160.79999999999998 129.60000000000002
161.6 130.4
162.39999999999998 130.4
163.2 130.4
164.0 130.4
164.8 130.4
165.6 130.4
166.4 130.4
167.2 130.4
168.0 130.4
168.79999999999998 130.4
170.39999999999998 130.4
171.20000000000002 130.4
172.0 130.4
172.8 130.4
173.6 130.4
174.4 130.4
175.2 130.4
176.0 130.4
176.8 130.4
177.60000000000002 130.4
179.20000000000002 130.4
180.0 130.4
180.79999999999998 130.4
181.6 130.4
183.2 130.4
184.8 130.4
185.6 130.4
186.4 130.4
188.0 130.4
188.79999999999998 130.4
190.39999999999998 130.4
191.20000000000002 130.4
192.0 130.4
192.8 130.4
194.4 130.4
195.2 130.4
196.0 130.4
197.60000000000002 130.4
198.4 130.4
199.20000000000002 130.4
200.0 130.4
200.79999999999998 129.60000000000002
201.6 129.60000000000002
203.2 128.79999999999998
204.0 128.79999999999998
204.0 128.0
204.0 127.2
204.0 126.39999999999999
204.0 125.6
204.0 124.80000000000001
204.0 124.00000000000001
203.2 124.00000000000001
202.39999999999998 124.00000000000001
201.6 123.19999999999999
200.79999999999998 123.19999999999999
200.0 123.19999999999999
199.20000000000002 123.19999999999999
198.4 123.19999999999999
197.60000000000002 123.19999999999999
196.8 123.19999999999999
196.0 123.19999999999999
195.2 123.19999999999999
194.4 123.19999999999999
193.6 123.19999999999999
192.8 123.19999999999999
192.0 123.19999999999999
191.20000000000002 123.19999999999999
190.39999999999998 123.19999999999999
189.60000000000002 123.19999999999999
188.79999999999998 123.19999999999999
188.0 123.19999999999999
187.2 123.19999999999999
186.4 123.19999999999999
185.6 123.19999999999999
184.8 123.19999999999999
184.0 123.19999999999999
183.2 123.19999999999999
182.39999999999998 123.19999999999999
181.6 123.19999999999999
180.79999999999998 123.19999999999999
180.0 123.19999999999999
180.79999999999998 123.19999999999999
181.6 124.00000000000001
182.39999999999998 124.00000000000001
183.2 124.00000000000001
184.0 124.00000000000001
184.8 124.00000000000001
185.6 124.80000000000001
186.4 124.80000000000001
13
136.8 126.39999999999999
137.6 127.2
137.6 128.0
137.6 128.79999999999998
137.6 129.60000000000002
138.4 130.4
138.4 131.2
138.4 132.8
138.4 133.6
138.4 134.4
138.4 135.20000000000002
138.4 136.0
138.4 136.79999999999998
280
132.0 135.20000000000002
132.0 136.0
132.0 136.79999999999998
132.0 137.6
132.0 138.4
132.0 139.2
132.0 140.0
132.0 140.8
132.0 141.6
132.0 142.4
132.0 143.2
132.79999999999998 144.0
132.79999999999998 144.8
132.79999999999998 145.6
132.79999999999998 146.4
132.79999999999998 147.2
133.6 148.0
133.6 148.8
133.6 149.6
134.4 150.4
134.4 151.2
134.4 152.0
134.4 152.8
134.4 153.6
134.4 154.4
135.2 156.0
135.2 156.8
135.2 157.6
135.2 158.4
135.2 159.2
135.2 160.0
135.2 160.8
135.2 161.6
135.2 162.4
135.2 163.20000000000002
135.2 164.79999999999998
135.2 165.6
135.2 166.4
135.2 167.2
135.2 168.0
135.2 168.8
135.2 169.6
135.2 170.39999999999998
135.2 171.20000000000002
135.2 172.0
135.2 173.60000000000002
135.2 174.4
135.2 175.2
135.2 176.0
135.2 176.8
135.2 177.6
135.2 178.39999999999998
135.2 179.20000000000002
135.2 180.0
135.2 180.79999999999998
135.2 181.60000000000002
135.2 182.4
135.2 183.2
135.2 184.0
135.2 184.8
135.2 185.6
135.2 187.20000000000002
135.2 188.0
135.2 188.79999999999998
135.2 189.60000000000002
135.2 190.4
135.2 191.2
135.2 192.8
135.2 193.6
135.2 195.20000000000002
135.2 196.0
135.2 196.79999999999998
135.2 197.6
135.2 198.4
135.2 199.2
135.2 200.0
135.2 200.8
135.2 201.6
135.2 202.4
135.2 203.2
135.2 204.8
135.2 205.6
135.2 206.4
136.0 207.2
136.0 208.0
136.0 208.8
136.0 209.6
136.8 210.4
136.8 211.2
136.8 212.0
136.8 212.8
137.6 213.6
138.4 214.4
138.4 215.2
139.2 216.0
139.2 216.8
140.0 216.8
140.8 217.6
140.8 218.4
141.6 219.2
141.6 220.8
142.4 221.6
143.2 222.4
144.0 224.0
144.8 224.79999999999998
144.8 225.6
145.6 225.6
145.6 226.4
145.6 227.2
146.4 228.0
146.4 228.8
147.20000000000002 228.8
148.0 229.6
148.8 229.6
150.39999999999998 229.6
151.2 230.39999999999998
152.0 230.39999999999998
152.79999999999998 230.39999999999998
153.6 230.39999999999998
155.2 231.20000000000002
156.0 231.20000000000002
156.8 231.20000000000002
157.6 231.20000000000002
158.4 231.20000000000002
159.2 231.20000000000002
160.0 231.20000000000002
160.79999999999998 231.20000000000002
161.6 231.20000000000002
162.39999999999998 231.20000000000002
163.2 231.20000000000002
164.0 231.20000000000002
164.8 231.20000000000002
165.6 231.20000000000002
166.4 231.20000000000002
167.2 231.20000000000002
168.0 230.39999999999998
168.79999999999998 230.39999999999998
169.60000000000002 230.39999999999998
170.39999999999998 230.39999999999998
172.0 229.6
173.6 228.8
175.2 228.0
176.0 228.0
177.60000000000002 227.2
179.20000000000002 227.2
180.0 226.4
180.79999999999998 225.6
181.6 225.6
182.39999999999998 225.6
183.2 224.79999999999998
184.8 224.79999999999998
185.6 224.0
187.2 223.20000000000002
188.0 223.20000000000002
188.79999999999998 222.4
190.39999999999998 221.6
192.0 221.6
193.6 220.8
195.2 220.0
196.8 219.2
197.60000000000002 219.2
197.60000000000002 218.4
198.4 218.4
199.20000000000002 218.4
200.0 217.6
200.79999999999998 216.8
201.6 216.8
202.39999999999998 216.0
203.2 216.0
203.2 215.2
204.8 215.2
205.6 214.4
206.4 213.6
208.0 212.8
208.79999999999998 212.0
210.39999999999998 211.2
210.39999999999998 210.4
211.20000000000002 209.6
212.8 208.8
213.6 208.8
214.4 208.0
214.4 207.2
215.2 206.4
216.0 205.6
216.8 204.8
216.8 204.0
217.60000000000002 203.2
217.60000000000002 202.4
217.60000000000002 201.6
218.4 201.6
218.4 200.8
218.4 200.0
219.20000000000002 199.2
220.0 198.4
220.0 196.79999999999998
220.79999999999998 196.79999999999998
221.6 196.0
221.6 195.20000000000002
221.6 194.4
222.39999999999998 192.8
223.2 192.0
224.0 190.4
224.8 189.60000000000002
224.8 188.79999999999998
225.6 188.0
225.6 186.39999999999998
225.6 185.6
225.6 184.8
226.4 184.0
226.4 183.2
226.4 182.4
227.2 180.79999999999998
227.2 180.0
227.2 178.39999999999998
227.2 177.6
227.2 176.8
228.0 176.0
228.0 175.2
228.0 174.4
228.0 173.60000000000002
228.0 172.79999999999998
228.0 172.0
228.79999999999998 170.39999999999998
228.79999999999998 168.8
228.79999999999998 168.0
228.79999999999998 167.2
229.60000000000002 165.6
230.39999999999998 165.6
230.39999999999998 164.79999999999998
230.39999999999998 164.0
230.39999999999998 162.4
230.39999999999998 161.6
230.39999999999998 160.8
230.39999999999998 160.0
231.20000000000002 159.2
231.20000000000002 158.4
231.20000000000002 157.6
231.20000000000002 156.8
231.20000000000002 156.0
232.0 155.2
232.8 154.4
232.8 153.6
232.8 152.8
232.8 152.0
232.8 151.2
232.8 150.4
232.8 149.6
232.8 148.8
232.8 148.0
232.8 147.2
232.8 146.4
232.8 145.6
232.8 144.8
232.8 144.0
232.8 143.2
232.8 142.4
232.8 141.6
232.8 140.8
232.8 140.0
232.8 139.2
233.6 138.4
233.6 137.6
233.6 136.79999999999998
233.6 136.0
233.6 135.20000000000002
233.6 134.4
233.6 133.6
233.6 132.8
233.6 132.0
233.6 131.2
233.6 130.4
233.6 129.60000000000002
233.6 128.79999999999998
232.8 128.0
232.8 127.2
232.8 126.39999999999999
232.8 125.6
232.8 124.80000000000001
232.8 124.00000000000001
232.0 123.19999999999999
126
205.6 139.2
204.8 139.2
204.0 139.2
202.39999999999998 140.0
201.6 140.0
200.0 140.8
198.4 140.8
196.8 140.8
196.0 140.8
195.2 141.6
194.4 141.6
193.6 141.6
192.8 141.6
192.0 142.4
191.20000000000002 143.2
190.39999999999998 144.0
189.60000000000002 144.8
188.79999999999998 144.8
188.79999999999998 145.6
188.0 145.6
187.2 146.4
186.4 146.4
186.4 147.2
185.6 148.0
184.8 148.0
184.8 148.8
184.0 148.8
184.0 149.6
183.2 150.4
183.2 151.2
183.2 152.0
182.39999999999998 152.8
181.6 153.6
181.6 154.4
181.6 155.2
180.79999999999998 156.0
180.0 157.6
179.20000000000002 159.2
178.4 160.0
178.4 160.8
177.60000000000002 161.6
177.60000000000002 162.4
176.8 162.4
176.8 163.20000000000002
176.0 164.0
176.0 164.79999999999998
175.2 165.6
174.4 166.4
174.4 168.0
173.6 168.0
172.8 168.8
172.8 169.6
172.8 170.39999999999998
172.8 171.20000000000002
172.0 171.20000000000002
172.0 172.0
172.0 172.79999999999998
172.0 173.60000000000002
171.20000000000002 174.4
171.20000000000002 175.2
171.20000000000002 176.0
171.20000000000002 176.8
171.20000000000002 177.6
170.39999999999998 178.39999999999998
170.39999999999998 179.20000000000002
170.39999999999998 180.0
170.39999999999998 180.79999999999998
170.39999999999998 181.60000000000002
170.39999999999998 182.4
169.60000000000002 182.4
169.60000000000002 183.2
169.60000000000002 184.0
169.60000000000002 185.6
169.60000000000002 186.39999999999998
168.79999999999998 186.39999999999998
168.79999999999998 187.20000000000002
168.79999999999998 188.0
168.79999999999998 188.79999999999998
168.79999999999998 189.60000000000002
168.0 191.2
167.2 192.0
167.2 192.8
166.4 194.4
165.6 195.20000000000002
165.6 196.0
165.6 196.79999999999998
164.8 198.4
164.0 199.2
164.0 200.0
164.0 200.8
164.0 201.6
164.0 202.4
163.2 203.2
163.2 204.0
162.39999999999998 204.0
162.39999999999998 204.8
162.39999999999998 205.6
161.6 207.2
161.6 208.0
161.6 208.8
160.79999999999998 209.6
160.79999999999998 210.4
160.79999999999998 211.2
160.79999999999998 212.0
160.79999999999998 212.8
160.0 213.6
160.0 214.4
160.0 215.2
160.0 216.0
160.0 216.8
160.0 217.6
159.2 218.4
159.2 219.2
159.2 220.0
159.2 220.8
158.4 221.6
158.4 222.4
158.4 223.20000000000002
158.4 224.0
157.6 224.0
157.6 224.79999999999998
157.6 225.6
157.6 226.4
157.6 227.2
157.6 228.0
157.6 228.8
172
183.2 223.20000000000002
183.2 224.0
183.2 224.79999999999998
182.39999999999998 225.6
182.39999999999998 227.2
181.6 228.0
181.6 228.8
181.6 229.6
180.79999999999998 230.39999999999998
180.79999999999998 231.20000000000002
180.79999999999998 232.0
180.79999999999998 232.79999999999998
180.79999999999998 234.4
180.0 235.2
180.0 236.8
180.0 237.6
180.0 239.20000000000002
180.0 240.0
180.0 241.6
180.0 242.4
180.0 243.20000000000002
180.0 244.8
180.0 245.60000000000002
180.0 246.39999999999998
180.0 247.20000000000002
179.20000000000002 248.79999999999998
178.4 250.39999999999998
178.4 251.2
178.4 252.0
177.60000000000002 253.6
177.60000000000002 254.4
177.60000000000002 256.8
177.60000000000002 257.59999999999997
177.60000000000002 258.4
177.60000000000002 260.0
176.8 260.8
176.8 261.6
176.8 262.4
176.0 263.2
176.0 264.0
176.0 264.8
176.0 265.6
176.0 266.40000000000003
175.2 268.0
175.2 268.8
175.2 270.40000000000003
175.2 271.2
175.2 272.0
174.4 274.4
173.6 276.0
173.6 276.8
173.6 278.4
173.6 280.0
173.6 281.6
173.6 283.2
172.8 284.8
172.8 285.59999999999997
172.8 287.20000000000005
172.0 288.8
172.0 289.6
171.20000000000002 290.4
171.20000000000002 291.2
171.20000000000002 292.0
171.20000000000002 292.8
170.39999999999998 293.6
170.39999999999998 294.4
170.39999999999998 295.2
169.60000000000002 296.0
168.79999999999998 297.6
168.79999999999998 299.2
168.0 299.2
168.0 300.0
167.2 301.59999999999997
166.4 302.4
166.4 303.20000000000005
166.4 304.0
166.4 304.8
165.6 305.6
164.8 306.4
164.8 307.2
164.8 308.0
164.8 309.6
164.0 310.4
163.2 311.2
163.2 312.79999999999995
163.2 315.2
162.39999999999998 316.0
161.6 317.59999999999997
160.79999999999998 319.20000000000005
160.79999999999998 320.8
160.0 321.6
159.2 323.2
159.2 324.0
158.4 324.8
158.4 325.6
157.6 326.40000000000003
157.6 327.2
156.8 328.0
156.8 328.8
156.0 330.40000000000003
156.0 331.2
155.2 332.8
154.4 333.59999999999997
154.4 334.4
153.6 335.2
153.6 336.0
152.79999999999998 337.6
152.0 338.4
151.2 339.2
150.39999999999998 340.79999999999995
149.60000000000002 341.6
148.8 343.2
147.20000000000002 344.8
147.20000000000002 346.4
145.6 348.0
144.8 350.4
143.2 352.0
143.2 353.6
141.6 355.2
140.8 356.79999999999995
140.0 358.40000000000003
138.4 360.0
137.6 361.59999999999997
136.8 363.20000000000005
136.8 364.0
135.2 365.6
134.4 368.0
132.79999999999998 369.6
132.0 371.2
131.2 372.79999999999995
129.60000000000002 374.40000000000003
128.8 376.0
128.0 377.59999999999997
127.2 378.4
126.4 380.0
125.60000000000001 380.8
125.60000000000001 382.4
124.80000000000001 383.2
124.0 384.0
123.2 384.8
122.4 385.6
121.6 386.40000000000003
120.8 386.40000000000003
120.0 388.0
119.2 388.8
118.4 389.59999999999997
117.6 390.40000000000003
116.8 391.2
116.8 392.0
116.0 392.8
115.19999999999999 393.59999999999997
113.6 394.4
112.8 395.2
112.0 396.0
111.19999999999999 396.0
110.39999999999999 396.8
110.39999999999999 397.6
109.60000000000001 398.4
108.80000000000001 398.4
108.80000000000001 399.2
108.0 400.0
108.0 400.79999999999995
107.2 401.6
106.4 402.40000000000003
106.4 403.2
105.60000000000001 404.0
104.80000000000001 404.8
104.0 404.8
104.0 404.0
104.0 403.2
103.2 400.79999999999995
103.2 399.2
210
167.2 301.59999999999997
168.0 301.59999999999997
168.79999999999998 301.59999999999997
169.60000000000002 301.59999999999997
171.20000000000002 300.8
172.0 300.8
172.8 300.8
173.6 300.0
174.4 300.0
176.0 300.0
176.8 300.0
177.60000000000002 300.0
178.4 300.0
179.20000000000002 300.0
180.0 299.2
180.79999999999998 298.40000000000003
181.6 298.40000000000003
182.39999999999998 298.40000000000003
183.2 298.40000000000003
183.2 297.6
184.0 297.6
184.8 297.6
185.6 296.79999999999995
187.2 296.0
188.0 295.2
188.79999999999998 295.2
189.60000000000002 294.4
190.39999999999998 294.4
192.0 293.6
192.8 293.6
192.8 292.8
193.6 292.8
194.4 292.8
195.2 292.0
196.0 291.2
196.8 291.2
197.60000000000002 290.4
198.4 289.6
198.4 288.8
199.20000000000002 288.0
200.0 288.0
200.79999999999998 287.20000000000005
200.79999999999998 286.4
201.6 286.4
202.39999999999998 286.4
203.2 285.59999999999997
204.0 285.59999999999997
205.6 284.8
205.6 284.0
206.4 284.0
207.2 284.0
208.0 284.0
208.79999999999998 283.2
210.39999999999998 283.2
211.20000000000002 283.2
213.6 282.40000000000003
214.4 282.40000000000003
216.0 282.40000000000003
216.8 282.40000000000003
217.60000000000002 282.40000000000003
219.20000000000002 282.40000000000003
220.79999999999998 282.40000000000003
221.6 282.40000000000003
222.39999999999998 282.40000000000003
223.2 282.40000000000003
224.0 282.40000000000003
224.8 282.40000000000003
225.6 282.40000000000003
226.4 282.40000000000003
227.2 282.40000000000003
228.0 282.40000000000003
228.79999999999998 282.40000000000003
229.60000000000002 282.40000000000003
230.39999999999998 283.2
231.20000000000002 283.2
232.8 284.0
232.8 284.8
233.6 284.8
234.4 285.59999999999997
235.2 285.59999999999997
236.8 286.4
236.8 287.20000000000005
237.60000000000002 287.20000000000005
239.20000000000002 288.0
239.20000000000002 288.8
240.0 288.8
240.79999999999998 288.8
241.6 289.6
242.39999999999998 290.4
243.2 292.0
244.0 292.0
244.0 292.8
244.8 292.8
244.8 293.6
245.6 294.4
246.4 294.4
246.4 295.2
247.2 295.2
247.2 296.0
248.0 296.79999999999995
248.0 297.6
248.79999999999998 297.6
249.60000000000002 298.40000000000003
250.39999999999998 299.2
250.39999999999998 300.8
251.20000000000002 300.8
252.0 301.59999999999997
252.0 302.4
252.0 303.20000000000005
252.8 304.8
252.8 306.4
253.6 307.2
254.4 308.8
254.4 310.4
254.4 311.2
254.4 312.0
254.4 312.79999999999995
254.4 313.6
254.4 314.40000000000003
254.4 315.2
254.4 316.0
254.4 316.8
254.4 317.59999999999997
254.4 316.8
254.4 315.2
253.6 315.2
253.6 314.40000000000003
252.8 314.40000000000003
252.0 313.6
252.0 312.79999999999995
251.20000000000002 312.0
250.39999999999998 310.4
249.60000000000002 309.6
248.79999999999998 309.6
248.79999999999998 308.8
248.0 308.8
248.0 308.0
247.2 308.0
247.2 307.2
246.4 306.4
245.6 306.4
244.8 305.6
243.2 304.8
243.2 304.0
242.39999999999998 304.0
241.6 303.20000000000005
240.79999999999998 303.20000000000005
240.0 302.4
239.20000000000002 302.4
238.4 302.4
237.60000000000002 301.59999999999997
236.8 301.59999999999997
236.0 301.59999999999997
235.2 301.59999999999997
234.4 301.59999999999997
233.6 301.59999999999997
232.8 301.59999999999997
232.0 301.59999999999997
231.20000000000002 301.59999999999997
230.39999999999998 301.59999999999997
229.60000000000002 301.59999999999997
228.79999999999998 301.59999999999997
228.0 301.59999999999997
227.2 301.59999999999997
226.4 301.59999999999997
225.6 301.59999999999997
224.8 301.59999999999997
224.0 301.59999999999997
223.2 302.4
222.39999999999998 302.4
221.6 303.20000000000005
220.79999999999998 303.20000000000005
220.0 303.20000000000005
219.20000000000002 303.20000000000005
217.60000000000002 303.20000000000005
216.8 303.20000000000005
215.2 304.0
214.4 304.0
212.8 304.8
212.0 304.8
211.20000000000002 304.8
210.39999999999998 304.8
209.60000000000002 304.8
208.79999999999998 304.8
208.0 304.8
207.2 304.8
206.4 304.8
205.6 304.8
204.8 304.8
204.0 304.8
202.39999999999998 304.8
200.79999999999998 304.0
200.0 303.20000000000005
199.20000000000002 303.20000000000005
198.4 303.20000000000005
197.60000000000002 302.4
196.0 301.59999999999997
195.2 301.59999999999997
194.4 301.59999999999997
193.6 300.8
193.6 300.0
192.8 300.0
192.8 299.2
192.0 298.40000000000003
191.20000000000002 298.40000000000003
191.20000000000002 297.6
190.39999999999998 296.79999999999995
190.39999999999998 296.0
190.39999999999998 295.2
190.39999999999998 294.4
21
204.8 289.6
205.6 289.6
206.4 289.6
208.0 289.6
208.79999999999998 289.6
210.39999999999998 289.6
211.20000000000002 289.6
212.8 289.6
213.6 289.6
214.4 289.6
216.0 289.6
216.8 289.6
217.60000000000002 289.6
218.4 289.6
219.20000000000002 289.6
220.0 289.6
220.79999999999998 289.6
221.6 289.6
222.39999999999998 289.6
223.2 289.6
224.0 289.6
7
175.2 250.39999999999998
174.4 250.39999999999998
174.4 249.60000000000002
173.6 248.79999999999998
173.6 248.00000000000003
172.8 248.00000000000003
172.8 246.39999999999998
9
180.79999999999998 268.0
180.79999999999998 267.2
181.6 267.2
182.39999999999998 267.2
183.2 267.2
183.2 266.40000000000003
184.0 266.40000000000003
184.8 266.40000000000003
184.8 265.6
15
154.4 328.8
153.6 328.0
153.6 327.2
152.79999999999998 326.40000000000003
152.0 326.40000000000003
152.0 325.6
151.2 324.8
151.2 323.2
150.39999999999998 322.4
149.60000000000002 321.6
149.60000000000002 320.0
148.8 320.0
148.0 319.20000000000005
148.0 318.4
147.20000000000002 317.59999999999997
14
136.0 364.8
136.8 364.8
138.4 364.0
140.0 363.20000000000005
140.8 362.4
141.6 362.4
142.4 361.59999999999997
143.2 360.8
144.8 360.0
145.6 359.2
146.4 359.2
147.20000000000002 358.40000000000003
148.0 357.6
148.8 356.79999999999995
11
124.0 374.40000000000003
124.0 373.6
123.2 372.0
123.2 371.2
122.4 369.6
122.4 368.0
122.4 367.2
122.4 366.4
122.4 365.6
122.4 364.8
122.4 364.0
